21 November 2022 08:03:28 PM

PRIME TEST
         N        Pi          Time

         1         0        0.000002
         2         1        0.000000
         4         2        0.000001
         8         4        0.000000
        16         6        0.000001
        32        11        0.000001
        64        18        0.000001
       128        31        0.000005
       256        54        0.000018
       512        97        0.000064
      1024       172        0.000225
      2048       309        0.000390
      4096       564        0.001345
      8192      1028        0.004940
     16384      1900        0.018467
     32768      3512        0.068133
     65536      6542        0.254454
    131072     12251        0.958954
vreme:       1.307027
21 November 2022 08:03:29 PM

OpenMP
         N        Pi          Time2

         1         0        0.000521
         2         1        0.000005
         4         2        0.000004
         8         4        0.000004
        16         6        0.000005
        32        11        0.000005
        64        18        0.000005
       128        31        0.000007
       256        54        0.000010
       512        97        0.000017
      1024       172        0.000030
      2048       309        0.000068
      4096       564        0.000218
      8192      1028        0.000594
     16384      1900        0.001657
     32768      3512        0.006154
     65536      6542        0.021967
    131072     12251        0.083964
vreme:       0.115246

TEST PASS




21 November 2022 08:03:29 PM

PRIME TEST
         N        Pi          Time

         5         3        0.000001
        50        15        0.000001
       500        95        0.000036
      5000       669        0.002020
     50000      5133        0.154129
    500000     41538       12.415159
vreme:      12.571360
21 November 2022 08:03:42 PM

OpenMP
         N        Pi          Time2

         5         3        0.000481
        50        15        0.000006
       500        95        0.000021
      5000       669        0.000337
     50000      5133        0.012560
    500000     41538        1.057332
vreme:       1.070744

TEST PASS




21 November 2022 08:03:43 PM

PRIME TEST
         N        Pi          Time

         1         0        0.000001
         4         2        0.000000
        16         6        0.000001
        64        18        0.000001
       256        54        0.000010
      1024       172        0.000131
      4096       564        0.001374
     16384      1900        0.018437
     65536      6542        0.253844
vreme:       0.273808
21 November 2022 08:03:43 PM

OpenMP
         N        Pi          Time2

         1         0        0.000472
         4         2        0.000004
        16         6        0.000004
        64        18        0.000006
       256        54        0.000009
      1024       172        0.000029
      4096       564        0.000173
     16384      1900        0.001690
     65536      6542        0.021961
vreme:       0.024353

TEST PASS




