21 November 2022 08:05:14 PM

PRIME TEST
         N        Pi          Time

         1         0        0.000001
         2         1        0.000000
         4         2        0.000000
         8         4        0.000000
        16         6        0.000000
        32        11        0.000001
        64        18        0.000001
       128        31        0.000003
       256        54        0.000011
       512        97        0.000039
      1024       172        0.000138
      2048       309        0.000368
      4096       564        0.001322
      8192      1028        0.004778
     16384      1900        0.018491
     32768      3512        0.069081
     65536      6542        0.258214
    131072     12251        0.939193
vreme:       1.291660
21 November 2022 08:05:15 PM

OpenMP
         N        Pi          Time2

         1         0        0.000485
         2         1        0.000006
         4         2        0.000005
         8         4        0.000005
        16         6        0.000005
        32        11        0.000005
        64        18        0.000005
       128        31        0.000005
       256        54        0.000007
       512        97        0.000010
      1024       172        0.000025
      2048       309        0.000101
      4096       564        0.000259
      8192      1028        0.000836
     16384      1900        0.001604
     32768      3512        0.006158
     65536      6542        0.022816
    131072     12251        0.087919
vreme:       0.120266

TEST PASS




21 November 2022 08:05:15 PM

PRIME TEST
         N        Pi          Time

         5         3        0.000001
        50        15        0.000001
       500        95        0.000036
      5000       669        0.002052
     50000      5133        0.150079
    500000     41538       12.292520
vreme:      12.444705
21 November 2022 08:05:28 PM

OpenMP
         N        Pi          Time2

         5         3        0.000587
        50        15        0.000006
       500        95        0.000010
      5000       669        0.000385
     50000      5133        0.013311
    500000     41538        1.062248
vreme:       1.076553

TEST PASS




21 November 2022 08:05:29 PM

PRIME TEST
         N        Pi          Time

         1         0        0.000001
         4         2        0.000000
        16         6        0.000000
        64        18        0.000001
       256        54        0.000008
      1024       172        0.000104
      4096       564        0.001369
     16384      1900        0.017608
     65536      6542        0.243640
vreme:       0.262741
21 November 2022 08:05:29 PM

OpenMP
         N        Pi          Time2

         1         0        0.000379
         4         2        0.000004
        16         6        0.000004
        64        18        0.000004
       256        54        0.000005
      1024       172        0.000016
      4096       564        0.000174
     16384      1900        0.001775
     65536      6542        0.021921
vreme:       0.024288

TEST PASS




